{
    "camera_angle_x": 0.6911112070083618,
    "frames": [
        {
            "file_path": "train\\0001.png",
            "transform_matrix": [
                [
                    0.2968248426914215,
                    -0.19099825620651245,
                    0.9356359839439392,
                    18.712718963623047
                ],
                [
                    0.9549320340156555,
                    0.05936865508556366,
                    -0.2908270061016083,
                    -5.816539764404297
                ],
                [
                    0.0,
                    0.9797933101654053,
                    0.2000124305486679,
                    4.000248432159424
                ],
                [
                    0.0,
                    0.0,
                    0.0,
                    1.0
                ]
            ]
        },
        {
            "file_path": "train\\0002.png",
            "transform_matrix": [
                [
                    0.9900071620941162,
                    -0.0698675736784935,
                    0.12249286472797394,
                    2.449857234954834
                ],
                [
                    0.14101766049861908,
                    0.49050167202949524,
                    -0.8599547743797302,
                    -17.199094772338867
                ],
                [
                    0.0,
                    0.8686349391937256,
                    0.4954527020454407,
                    9.909053802490234
                ],
                [
                    0.0,
                    0.0,
                    0.0,
                    1.0
                ]
            ]
        },
        {
            "file_path": "train\\0003.png",
            "transform_matrix": [
                [
                    0.9904271960258484,
                    -0.10503807663917542,
                    0.08956065773963928,
                    1.7912131547927856
                ],
                [
                    0.13803663849830627,
                    0.7536590695381165,
                    -0.6426070332527161,
                    -12.852140426635742
                ],
                [
                    7.450581485102248e-09,
                    0.6488181352615356,
                    0.7609435319900513,
                    15.218870162963867
                ],
                [
                    0.0,
                    0.0,
                    0.0,
                    1.0
                ]
            ]
        },
        {
            "file_path": "train\\0004.png",
            "transform_matrix": [
                [
                    0.7343097925186157,
                    -0.24115703999996185,
                    0.6345332264900208,
                    12.690664291381836
                ],
                [
                    0.6788145303726196,
                    0.26087239384651184,
                    -0.6864083409309387,
                    -13.728166580200195
                ],
                [
                    0.0,
                    0.9347667098045349,
                    0.35526207089424133,
                    7.105241298675537
                ],
                [
                    0.0,
                    0.0,
                    0.0,
                    1.0
                ]
            ]
        },
        {
            "file_path": "train\\0005.png",
            "transform_matrix": [
                [
                    0.5285786390304565,
                    -0.25105011463165283,
                    0.8109121322631836,
                    16.218242645263672
                ],
                [
                    0.8488843441009521,
                    0.15632250905036926,
                    -0.5049343109130859,
                    -10.098686218261719
                ],
                [
                    0.0,
                    0.9552680850028992,
                    0.2957412302494049,
                    5.914824485778809
                ],
                [
                    0.0,
                    0.0,
                    0.0,
                    1.0
                ]
            ]
        },
        {
            "file_path": "train\\0006.png",
            "transform_matrix": [
                [
                    0.9620521664619446,
                    -0.20086126029491425,
                    0.18469034135341644,
                    3.6938066482543945
                ],
                [
                    0.2728658616542816,
                    0.7081831693649292,
                    -0.6511688232421875,
                    -13.02337646484375
                ],
                [
                    0.0,
                    0.6768539547920227,
                    0.7361173033714294,
                    14.722346305847168
                ],
                [
                    0.0,
                    0.0,
                    0.0,
                    1.0
                ]
            ]
        },
        {
            "file_path": "train\\0007.png",
            "transform_matrix": [
                [
                    0.9923460483551025,
                    -0.023322761058807373,
                    0.12126558274030685,
                    2.42531156539917
                ],
                [
                    0.12348803132772446,
                    0.18742099404335022,
                    -0.9744865298271179,
                    -19.489730834960938
                ],
                [
                    0.0,
                    0.9820027947425842,
                    0.18886655569076538,
                    3.7773311138153076
                ],
                [
                    0.0,
                    0.0,
                    0.0,
                    1.0
                ]
            ]
        },
        {
            "file_path": "train\\0008.png",
            "transform_matrix": [
                [
                    0.8799756765365601,
                    -0.28845497965812683,
                    0.37740790843963623,
                    7.548158168792725
                ],
                [
                    0.4750189781188965,
                    0.5343647003173828,
                    -0.6991505026817322,
                    -13.983010292053223
                ],
                [
                    -1.4901162970204496e-08,
                    0.7945111989974976,
                    0.6072494387626648,
                    12.144989013671875
                ],
                [
                    0.0,
                    0.0,
                    0.0,
                    1.0
                ]
            ]
        },
        {
            "file_path": "train\\0009.png",
            "transform_matrix": [
                [
                    0.7867610454559326,
                    -0.3530723750591278,
                    0.5063072443008423,
                    10.126144409179688
                ],
                [
                    0.6172577142715454,
                    0.45002853870391846,
                    -0.6453427672386169,
                    -12.906855583190918
                ],
                [
                    0.0,
                    0.820252537727356,
                    0.5720015168190002,
                    11.440030097961426
                ],
                [
                    0.0,
                    0.0,
                    0.0,
                    1.0
                ]
            ]
        },
        {
            "file_path": "train\\0010.png",
            "transform_matrix": [
                [
                    0.8877825736999512,
                    -0.2231411337852478,
                    0.4025544822216034,
                    8.0510892868042
                ],
                [
                    0.4602630138397217,
                    0.430407851934433,
                    -0.7764708995819092,
                    -15.529417991638184
                ],
                [
                    -1.4901159417490817e-08,
                    0.8746183514595032,
                    0.4848121702671051,
                    9.696243286132812
                ],
                [
                    0.0,
                    0.0,
                    0.0,
                    1.0
                ]
            ]
        },
        {
            "file_path": "train\\0011.png",
            "transform_matrix": [
                [
                    0.8712029457092285,
                    -0.20439043641090393,
                    0.44635209441185,
                    8.927042007446289
                ],
                [
                    0.49092328548431396,
                    0.36271560192108154,
                    -0.7921059131622314,
                    -15.842118263244629
                ],
                [
                    0.0,
                    0.9092094898223877,
                    0.41633889079093933,
                    8.326777458190918
                ],
                [
                    0.0,
                    0.0,
                    0.0,
                    1.0
                ]
            ]
        },
        {
            "file_path": "train\\0012.png",
            "transform_matrix": [
                [
                    0.9848057627677917,
                    -0.06883879750967026,
                    0.15943339467048645,
                    3.1886677742004395
                ],
                [
                    0.17365998029708862,
                    0.39037689566612244,
                    -0.90412837266922,
                    -18.08256721496582
                ],
                [
                    -3.725290742551124e-09,
                    0.9180778861045837,
                    0.39639994502067566,
                    7.9279985427856445
                ],
                [
                    0.0,
                    0.0,
                    0.0,
                    1.0
                ]
            ]
        },
        {
            "file_path": "train\\0013.png",
            "transform_matrix": [
                [
                    0.9979206323623657,
                    0.02474195510149002,
                    -0.05951610207557678,
                    -1.1903220415115356
                ],
                [
                    -0.0644540935754776,
                    0.38307124376296997,
                    -0.9214674234390259,
                    -18.42934799194336
                ],
                [
                    1.8626449271863521e-09,
                    0.923387348651886,
                    0.383869469165802,
                    7.677389144897461
                ],
                [
                    0.0,
                    0.0,
                    0.0,
                    1.0
                ]
            ]
        },
        {
            "file_path": "train\\0014.png",
            "transform_matrix": [
                [
                    0.28298240900039673,
                    -0.7726436257362366,
                    0.5682806372642517,
                    11.365612030029297
                ],
                [
                    0.9591251611709595,
                    0.22796249389648438,
                    -0.16766677796840668,
                    -3.353335380554199
                ],
                [
                    0.0,
                    0.5924988985061646,
                    0.8055712580680847,
                    16.111425399780273
                ],
                [
                    0.0,
                    0.0,
                    0.0,
                    1.0
                ]
            ]
        },
        {
            "file_path": "train\\0015.png",
            "transform_matrix": [
                [
                    0.9442214965820312,
                    -0.17726968228816986,
                    0.2775271236896515,
                    5.55054235458374
                ],
                [
                    0.32931119203567505,
                    0.5082786679267883,
                    -0.7957430481910706,
                    -15.914860725402832
                ],
                [
                    0.0,
                    0.8427504301071167,
                    0.5383045077323914,
                    10.766090393066406
                ],
                [
                    0.0,
                    0.0,
                    0.0,
                    1.0
                ]
            ]
        },
        {
            "file_path": "train\\0016.png",
            "transform_matrix": [
                [
                    0.8322593569755554,
                    -0.17029160261154175,
                    0.5275843739509583,
                    10.551687240600586
                ],
                [
                    0.5543866157531738,
                    0.25564610958099365,
                    -0.7920231223106384,
                    -15.840462684631348
                ],
                [
                    -1.4901161193847656e-08,
                    0.9516542553901672,
                    0.3071712255477905,
                    6.1434245109558105
                ],
                [
                    0.0,
                    0.0,
                    0.0,
                    1.0
                ]
            ]
        },
        {
            "file_path": "train\\0017.png",
            "transform_matrix": [
                [
                    0.9986261129379272,
                    -0.021668558940291405,
                    0.04771151766180992,
                    0.9542303681373596
                ],
                [
                    0.05240148305892944,
                    0.4129422903060913,
                    -0.9092484712600708,
                    -18.184968948364258
                ],
                [
                    1.862645149230957e-09,
                    0.9104993939399719,
                    0.41351041197776794,
                    8.270208358764648
                ],
                [
                    0.0,
                    0.0,
                    0.0,
                    1.0
                ]
            ]
        },
        {
            "file_path": "train\\0018.png",
            "transform_matrix": [
                [
                    0.6738995909690857,
                    -0.2389383316040039,
                    0.6991193294525146,
                    13.982386589050293
                ],
                [
                    0.7388229370117188,
                    0.21794185042381287,
                    -0.6376848816871643,
                    -12.753697395324707
                ],
                [
                    1.4901161193847656e-08,
                    0.9462609887123108,
                    0.3234040439128876,
                    6.468080520629883
                ],
                [
                    0.0,
                    0.0,
                    0.0,
                    1.0
                ]
            ]
        },
        {
            "file_path": "train\\0019.png",
            "transform_matrix": [
                [
                    0.37140846252441406,
                    -0.36737823486328125,
                    0.852695107460022,
                    17.05390167236328
                ],
                [
                    0.9284695982933044,
                    0.14695946872234344,
                    -0.34109699726104736,
                    -6.821939945220947
                ],
                [
                    0.0,
                    0.9183878302574158,
                    0.3956815004348755,
                    7.91363000869751
                ],
                [
                    0.0,
                    0.0,
                    0.0,
                    1.0
                ]
            ]
        },
        {
            "file_path": "train\\0020.png",
            "transform_matrix": [
                [
                    0.9996410012245178,
                    -0.010534018278121948,
                    0.02463657036423683,
                    0.49273139238357544
                ],
                [
                    0.02679414674639702,
                    0.3930051326751709,
                    -0.9191457629203796,
                    -18.382915496826172
                ],
                [
                    0.0,
                    0.9194759130477905,
                    0.39314624667167664,
                    7.862925052642822
                ],
                [
                    0.0,
                    0.0,
                    0.0,
                    1.0
                ]
            ]
        },
        {
            "file_path": "train\\0021.png",
            "transform_matrix": [
                [
                    0.2935604453086853,
                    -0.7089864015579224,
                    0.6412180066108704,
                    12.824359893798828
                ],
                [
                    0.9559406042098999,
                    0.21772311627864838,
                    -0.19691206514835358,
                    -3.9382412433624268
                ],
                [
                    0.0,
                    0.6707718372344971,
                    0.7416637539863586,
                    14.833274841308594
                ],
                [
                    0.0,
                    0.0,
                    0.0,
                    1.0
                ]
            ]
        },
        {
            "file_path": "train\\0022.png",
            "transform_matrix": [
                [
                    0.3432040810585022,
                    -0.18730124831199646,
                    0.9203962683677673,
                    18.40792465209961
                ],
                [
                    0.9392608404159546,
                    0.06843950599431992,
                    -0.3363109827041626,
                    -6.726219654083252
                ],
                [
                    7.4505797087454084e-09,
                    0.9799154996871948,
                    0.19941346347332,
                    3.988269329071045
                ],
                [
                    0.0,
                    0.0,
                    0.0,
                    1.0
                ]
            ]
        },
        {
            "file_path": "train\\0023.png",
            "transform_matrix": [
                [
                    0.6320186257362366,
                    -0.2187875360250473,
                    0.7434275150299072,
                    14.868550300598145
                ],
                [
                    0.7749531865119934,
                    0.17843374609947205,
                    -0.6063076257705688,
                    -12.126152038574219
                ],
                [
                    0.0,
                    0.9593192338943481,
                    0.28232359886169434,
                    5.646471977233887
                ],
                [
                    0.0,
                    0.0,
                    0.0,
                    1.0
                ]
            ]
        },
        {
            "file_path": "train\\0024.png",
            "transform_matrix": [
                [
                    0.9359580278396606,
                    -0.07611756026744843,
                    0.3437859117984772,
                    6.875718116760254
                ],
                [
                    0.35211166739463806,
                    0.20233024656772614,
                    -0.9138270616531372,
                    -18.276540756225586
                ],
                [
                    0.0,
                    0.9763548374176025,
                    0.21617446839809418,
                    4.323489189147949
                ],
                [
                    0.0,
                    0.0,
                    0.0,
                    1.0
                ]
            ]
        },
        {
            "file_path": "train\\0025.png",
            "transform_matrix": [
                [
                    0.588545560836792,
                    -0.5723291039466858,
                    0.5710110068321228,
                    11.420220375061035
                ],
                [
                    0.8084640502929688,
                    0.41664403676986694,
                    -0.4156845211982727,
                    -8.313690185546875
                ],
                [
                    1.4901161193847656e-08,
                    0.7062910795211792,
                    0.7079215049743652,
                    14.158430099487305
                ],
                [
                    0.0,
                    0.0,
                    0.0,
                    1.0
                ]
            ]
        },
        {
            "file_path": "train\\0026.png",
            "transform_matrix": [
                [
                    0.7064318060874939,
                    -0.27231961488723755,
                    0.6532964110374451,
                    13.06592845916748
                ],
                [
                    0.707781195640564,
                    0.2718004286289215,
                    -0.6520509123802185,
                    -13.041017532348633
                ],
                [
                    1.4901161193847656e-08,
                    0.9230203628540039,
                    0.3847511410713196,
                    7.6950225830078125
                ],
                [
                    0.0,
                    0.0,
                    0.0,
                    1.0
                ]
            ]
        },
        {
            "file_path": "train\\0027.png",
            "transform_matrix": [
                [
                    0.9984949827194214,
                    0.04094995930790901,
                    -0.03648306429386139,
                    -0.7296612858772278
                ],
                [
                    -0.0548444464802742,
                    0.7455326914787292,
                    -0.6642086505889893,
                    -13.284173011779785
                ],
                [
                    0.0,
                    0.6652098298072815,
                    0.7466564774513245,
                    14.93312931060791
                ],
                [
                    0.0,
                    0.0,
                    0.0,
                    1.0
                ]
            ]
        },
        {
            "file_path": "train\\0028.png",
            "transform_matrix": [
                [
                    0.8088052272796631,
                    -0.36710941791534424,
                    0.45941781997680664,
                    9.188356399536133
                ],
                [
                    0.5880765914916992,
                    0.5049002766609192,
                    -0.6318556666374207,
                    -12.637113571166992
                ],
                [
                    -1.4901161193847656e-08,
                    0.7812210917472839,
                    0.6242544651031494,
                    12.485089302062988
                ],
                [
                    0.0,
                    0.0,
                    0.0,
                    1.0
                ]
            ]
        },
        {
            "file_path": "train\\0029.png",
            "transform_matrix": [
                [
                    0.817071795463562,
                    -0.37957701086997986,
                    0.4339527189731598,
                    8.679054260253906
                ],
                [
                    0.5765359401702881,
                    0.5379399061203003,
                    -0.6150016188621521,
                    -12.300032615661621
                ],
                [
                    -1.4901161193847656e-08,
                    0.752689778804779,
                    0.6583753228187561,
                    13.167506217956543
                ],
                [
                    0.0,
                    0.0,
                    0.0,
                    1.0
                ]
            ]
        },
        {
            "file_path": "train\\0030.png",
            "transform_matrix": [
                [
                    0.9773973226547241,
                    0.15987274050712585,
                    -0.13833002746105194,
                    -2.7666006088256836
                ],
                [
                    -0.21141071617603302,
                    0.7391261458396912,
                    -0.6395295262336731,
                    -12.790590286254883
                ],
                [
                    0.0,
                    0.6543189287185669,
                    0.7562187314033508,
                    15.124374389648438
                ],
                [
                    0.0,
                    0.0,
                    0.0,
                    1.0
                ]
            ]
        },
        {
            "file_path": "train\\0031.png",
            "transform_matrix": [
                [
                    0.993880033493042,
                    0.07753194123506546,
                    -0.07868481427431107,
                    -1.573696255683899
                ],
                [
                    -0.11046493053436279,
                    0.6975738406181335,
                    -0.7079465389251709,
                    -14.158930778503418
                ],
                [
                    0.0,
                    0.7123057842254639,
                    0.7018692493438721,
                    14.037384986877441
                ],
                [
                    0.0,
                    0.0,
                    0.0,
                    1.0
                ]
            ]
        },
        {
            "file_path": "train\\0032.png",
            "transform_matrix": [
                [
                    0.7878014445304871,
                    -0.2674853205680847,
                    0.5548158288002014,
                    11.09631633758545
                ],
                [
                    0.615929365158081,
                    0.3421257734298706,
                    -0.7096344232559204,
                    -14.19268798828125
                ],
                [
                    0.0,
                    0.9007783532142639,
                    0.434279203414917,
                    8.68558406829834
                ],
                [
                    0.0,
                    0.0,
                    0.0,
                    1.0
                ]
            ]
        },
        {
            "file_path": "train\\0033.png",
            "transform_matrix": [
                [
                    0.8261562585830688,
                    -0.2630537450313568,
                    0.4982655644416809,
                    9.965311050415039
                ],
                [
                    0.5634410381317139,
                    0.3857076168060303,
                    -0.7305914163589478,
                    -14.611827850341797
                ],
                [
                    -1.4901161193847656e-08,
                    0.8843259215354919,
                    0.4668700397014618,
                    9.337400436401367
                ],
                [
                    0.0,
                    0.0,
                    0.0,
                    1.0
                ]
            ]
        },
        {
            "file_path": "train\\0034.png",
            "transform_matrix": [
                [
                    0.8082733154296875,
                    -0.20539191365242004,
                    0.5518229007720947,
                    11.036458015441895
                ],
                [
                    0.5888075828552246,
                    0.28194743394851685,
                    -0.75750333070755,
                    -15.150066375732422
                ],
                [
                    1.4901162970204496e-08,
                    0.937187135219574,
                    0.34882688522338867,
                    6.976537704467773
                ],
                [
                    0.0,
                    0.0,
                    0.0,
                    1.0
                ]
            ]
        },
        {
            "file_path": "train\\0035.png",
            "transform_matrix": [
                [
                    0.9599376916885376,
                    -0.048395127058029175,
                    0.2760031223297119,
                    5.520062446594238
                ],
                [
                    0.2802138924598694,
                    0.16578873991966248,
                    -0.9455127120018005,
                    -18.910253524780273
                ],
                [
                    -3.725290742551124e-09,
                    0.9849730730056763,
                    0.17270782589912415,
                    3.4541563987731934
                ],
                [
                    0.0,
                    0.0,
                    0.0,
                    1.0
                ]
            ]
        },
        {
            "file_path": "train\\0036.png",
            "transform_matrix": [
                [
                    0.6682178378105164,
                    -0.5704763531684875,
                    0.4775371253490448,
                    9.550742149353027
                ],
                [
                    0.7439656853675842,
                    0.5123925805091858,
                    -0.4289160668849945,
                    -8.57832145690918
                ],
                [
                    -1.4901159417490817e-08,
                    0.6418805718421936,
                    0.7668046355247498,
                    15.336091995239258
                ],
                [
                    0.0,
                    0.0,
                    0.0,
                    1.0
                ]
            ]
        },
        {
            "file_path": "train\\0037.png",
            "transform_matrix": [
                [
                    0.7163925766944885,
                    -0.3990246653556824,
                    0.5723294615745544,
                    11.446588516235352
                ],
                [
                    0.6976974606513977,
                    0.40971672534942627,
                    -0.587665319442749,
                    -11.75330638885498
                ],
                [
                    0.0,
                    0.8203117847442627,
                    0.5719165205955505,
                    11.43833065032959
                ],
                [
                    0.0,
                    0.0,
                    0.0,
                    1.0
                ]
            ]
        },
        {
            "file_path": "train\\0038.png",
            "transform_matrix": [
                [
                    0.9952673316001892,
                    -0.058274123817682266,
                    0.07776350528001785,
                    1.5552700757980347
                ],
                [
                    0.09717528522014618,
                    0.5968424081802368,
                    -0.7964522242546082,
                    -15.929044723510742
                ],
                [
                    0.0,
                    0.8002395629882812,
                    0.599680483341217,
                    11.993609428405762
                ],
                [
                    0.0,
                    0.0,
                    0.0,
                    1.0
                ]
            ]
        },
        {
            "file_path": "train\\0039.png",
            "transform_matrix": [
                [
                    0.8832381367683411,
                    -0.11888150125741959,
                    0.45360517501831055,
                    9.072103500366211
                ],
                [
                    0.4689248204231262,
                    0.22391793131828308,
                    -0.8543829917907715,
                    -17.08765983581543
                ],
                [
                    0.0,
                    0.9673303365707397,
                    0.25351932644844055,
                    5.0703864097595215
                ],
                [
                    0.0,
                    0.0,
                    0.0,
                    1.0
                ]
            ]
        },
        {
            "file_path": "train\\0040.png",
            "transform_matrix": [
                [
                    0.9336943626403809,
                    -0.2478705644607544,
                    0.258408784866333,
                    5.16817569732666
                ],
                [
                    0.35807108879089355,
                    0.6463390588760376,
                    -0.6738181710243225,
                    -13.476363182067871
                ],
                [
                    0.0,
                    0.7216688990592957,
                    0.6922383904457092,
                    13.844767570495605
                ],
                [
                    0.0,
                    0.0,
                    0.0,
                    1.0
                ]
            ]
        },
        {
            "file_path": "train\\0041.png",
            "transform_matrix": [
                [
                    0.7164440155029297,
                    -0.5576356053352356,
                    0.41922613978385925,
                    8.384522438049316
                ],
                [
                    0.6976445913314819,
                    0.5726621747016907,
                    -0.43052297830581665,
                    -8.610459327697754
                ],
                [
                    0.0,
                    0.6009165048599243,
                    0.7993118166923523,
                    15.986236572265625
                ],
                [
                    0.0,
                    0.0,
                    0.0,
                    1.0
                ]
            ]
        },
        {
            "file_path": "train\\0042.png",
            "transform_matrix": [
                [
                    0.9852876663208008,
                    0.06639263033866882,
                    -0.15748131275177002,
                    -3.1496262550354004
                ],
                [
                    -0.1709044873714447,
                    0.3827625513076782,
                    -0.9079012274742126,
                    -18.158023834228516
                ],
                [
                    0.0,
                    0.9214580059051514,
                    0.38847801089286804,
                    7.769559860229492
                ],
                [
                    0.0,
                    0.0,
                    0.0,
                    1.0
                ]
            ]
        },
        {
            "file_path": "train\\0043.png",
            "transform_matrix": [
                [
                    0.9173511266708374,
                    -0.19784210622310638,
                    0.345435231924057,
                    6.90870475769043
                ],
                [
                    0.39807915687561035,
                    0.45591601729393005,
                    -0.7960361838340759,
                    -15.920723915100098
                ],
                [
                    2.9802322387695312e-08,
                    0.8677552938461304,
                    0.4969918429851532,
                    9.939836502075195
                ],
                [
                    0.0,
                    0.0,
                    0.0,
                    1.0
                ]
            ]
        },
        {
            "file_path": "train\\0044.png",
            "transform_matrix": [
                [
                    0.9810949563980103,
                    -0.103208027780056,
                    0.16370993852615356,
                    3.2741987705230713
                ],
                [
                    0.19352737069129944,
                    0.5232173204421997,
                    -0.8299342393875122,
                    -16.598684310913086
                ],
                [
                    0.0,
                    0.8459265828132629,
                    0.5332993865013123,
                    10.665987968444824
                ],
                [
                    0.0,
                    0.0,
                    0.0,
                    1.0
                ]
            ]
        },
        {
            "file_path": "train\\0045.png",
            "transform_matrix": [
                [
                    0.3966023921966553,
                    -0.5420433282852173,
                    0.7408748269081116,
                    14.817496299743652
                ],
                [
                    0.9179904460906982,
                    0.2341807633638382,
                    -0.32008257508277893,
                    -6.401651382446289
                ],
                [
                    0.0,
                    0.8070616722106934,
                    0.5904672741889954,
                    11.809345245361328
                ],
                [
                    0.0,
                    0.0,
                    0.0,
                    1.0
                ]
            ]
        },
        {
            "file_path": "train\\0046.png",
            "transform_matrix": [
                [
                    0.9491177201271057,
                    -0.17987239360809326,
                    0.2584986984729767,
                    5.169973850250244
                ],
                [
                    0.31492167711257935,
                    0.5421032905578613,
                    -0.7790688872337341,
                    -15.581377983093262
                ],
                [
                    -1.4901162970204496e-08,
                    0.8208348751068115,
                    0.5711655020713806,
                    11.423310279846191
                ],
                [
                    0.0,
                    0.0,
                    0.0,
                    1.0
                ]
            ]
        },
        {
            "file_path": "train\\0047.png",
            "transform_matrix": [
                [
                    0.8087693452835083,
                    -0.43880853056907654,
                    0.39158543944358826,
                    7.831708908081055
                ],
                [
                    0.5881258845329285,
                    0.6034336090087891,
                    -0.5384941101074219,
                    -10.769882202148438
                ],
                [
                    -1.4901159417490817e-08,
                    0.6658191084861755,
                    0.7461132407188416,
                    14.92226505279541
                ],
                [
                    0.0,
                    0.0,
                    0.0,
                    1.0
                ]
            ]
        },
        {
            "file_path": "train\\0048.png",
            "transform_matrix": [
                [
                    0.9919154644012451,
                    0.07386089116334915,
                    -0.10319063812494278,
                    -2.063812732696533
                ],
                [
                    -0.12690050899982452,
                    0.5773323178291321,
                    -0.8065876960754395,
                    -16.13175392150879
                ],
                [
                    3.725290298461914e-09,
                    0.8131617307662964,
                    0.5820377469062805,
                    11.640754699707031
                ],
                [
                    0.0,
                    0.0,
                    0.0,
